# Define model coefficients with valid names
abundance_model_coefficients <- c(
  "Intercept" = 4.9672061,
  "No..of.Years" = 0.8957990,
  "No..of.Sites..Avg." = 0.3640503,
  "Sampling.Time.min" = 0.1696292,
  "Visual" = -0.6669834,
  "Sampling.Time.min:Visual" = 0.3874213
)

richness_model_coefficients <- c(
  "Intercept" = 3778.348471,
  "Start.Year" = -1.902323,
  "No..of.Sites..Avg." = 10.811558,
  "Sample.Trips.Year..Avg." = 20.531091,
  "Visual" = -33.329740,
  "Species" = 26.267014
)
